4639	1
463C	3
4648	2
464B	2
464E	2
4651	1
4666	3
4669	1
466C	1
47C5	1
47C8	2
47CB	5
4825	2
4873	1
487C	1
489A	2
48DC	1
49DB	1
4A68	1
4A83	1
4B49	1
4B4C	1
4B4F	3
4B9A	1
4B9D	2
4BA9	1
4C42	1
4D26	1
4D6B	1
50FB	1
50FE	1
5101	1
510A	1
5140	1
517F	1
5182	2
5185	1
51A0	1
51AC	1
51CA	1
51D6	1
51E5	1
51F1	1
51FA	1
5200	2
5203	1
5227	1
5263	1
5266	1
5269	1
52FF	1
5326	2
5338	1
533B	1
53D1	1
53F5	2
5458	1
5461	1
5464	1
5467	1
5476	1
8021	2
8027	2
8030	1
8054	1
8057	2
805A	3
805D	1
8075	2
80B1	1
80B7	1
80BA	1
